1734046149 70.00 14 20
1734046259 70.00 14 20
1734046570 70.00 14 20
1734046590 70.00 14 20
1734046651 70.00 14 20
1734046688 70.00 14 20
1734046706 70.00 14 20
1734046727 70.00 14 20
1734046780 70.00 14 20
1734046826 70.00 14 20
1734047424 100.00 23 23
1734050537 100.00 23 23
1734062639 100.00 41 41
1734075041 73.00 86 117
1734109812 53.00 86 162
1734162662 80.00 440 548
1734247761 83.00 684 822
1734334355 83.00 1020 1223
1734420676 78.00 1137 1442
1734506996 81.00 1206 1483
1734588355 100.00 9 9
1734588748 100.00 9 9
1734589686 100.00 9 9
1734590017 100.00 9 9
1734593416 100.00 9 9
1734614911 100.00 9 9
1734619834 100.00 9 9
1734620150 100.00 9 9
1734629467 100.00 9 9
1734630629 100.00 9 9
1734632432 100.00 9 9
1734632839 100.00 9 9
1734637490 100.00 9 9
1734638033 100.00 9 9
1734638815 100.00 9 9
